obsH0 <- c(
50, 
90, 
55,
52,
91,
95) 
obserr <-c(
2.0, 
2.5,
1.5,
2.5,
1.5,
3.0) 
