obsval<-c(
8.237,
7.604,
8.612,
5.500,
7.638,
5.648,
8.234,
8.038,
7.914,
6.108,
5.356,
4.979,
5.503,
7.720,
8.117,
4.268,
7.708,
7.559,
8.512,
7.677,
8.701,
4.890,
8.079,
6.970,
5.868,
5.021,
8.090,
7.153,
7.597,
5.930,
5.820,
8.750,
5.560,
8.831,
7.023,
7.084,
7.066,
8.556,
8.029,
7.227,
5.153,
7.922,
7.363,
8.663,
9.334,
4.664,
7.452,
8.738,
6.340,
6.907,
3.343,
5.221,
8.162,
5.022,
4.060,
4.842,
6.054,
6.273,
8.065,
8.244,
5.339,
6.282,
6.964,
5.608,
5.193,
4.695,
7.254,
3.316,
7.336,
4.444,
5.694)
err<-c(
0.740,
0.535,
0.300,
0.410,
0.786,
0.922,
0.309,
0.288,
0.314,
0.365,
0.653,
0.646,
0.629,
0.615,
0.598,
0.688,
0.337,
0.577,
0.379,
0.451,
0.521,
0.394,
0.198,
0.768,
0.349,
0.561,
0.459,
0.557,
0.511,
0.291,
0.313,
0.632,
0.487,
0.381,
0.388,
0.572,
0.402,
0.442,
0.556,
0.567,
0.610,
0.364,
0.358,
0.362,
0.505,
0.507,
0.891,
0.760,
0.905,
0.588,
0.566,
0.650,
0.445,
0.324,
0.419,
0.488,
0.342,
0.347,
0.343,
0.402,
0.577,
0.272,
0.441,
0.399,
0.474,
0.635,
0.360,
0.611,
0.477,
0.541,
0.402)
