obsntot <- c(14,17,54,30,36,101,20,27,65,30,48,132,35,54,134,30,37,92,30,19,64,6,10,36,16,20,55,11,17,44,15,9,28,7,5,24,26,24,40,16,22,46,24,20,77,21,30,78,23,20,43,11,16,39,5,9,16,6,13,18,12,13,27,17,6,19,9,11,23,5,10,23,13,15,39,4,10,31,29,17,76,6,15,47,9,4,4,15,16,14,10,13,22,16,13,44,29,17,33,28,8,18,11,8,22,3,4,10,7,3,21,6,9,13,13,6,8,9,5,12,1,6,14,4,7,20,5,7,23,21,16,39,10,10,28,26,26,63,8,13,25,16,17,43,20,36,48,4,3,1,9,4,6,7,7,7,14,5,14,10,8,15,16,6,8,14,1,17,1,0,0,3,2,6,5,2,9,6,0,6,5,2,1,5,3,2,3,5,15,2,3,8,9,5,26,0,5,16,20,17,32,8,12,11,8,7,27,3,4,15,14,23,27,9,5,19,6,12,20,6,15,57,13,8,12)
obsnbkg <- c(949,949,949,1184,1184,1184,2473,2473,2473,2524,2524,2524,3155,3155,3155,3295,3295,3295,3605,3605,3605,142,142,142,616,616,616,488,488,488,683,683,683,295,295,295,412,412,412,883,883,883,1136,1136,1136,1391,1391,1391,1465,1465,1465,1555,1555,1555,70,70,70,354,354,354,254,254,254,380,380,380,349,349,349,357,357,357,447,447,447,513,513,513,491,491,491,439,439,439,99,99,99,164,164,164,374,374,374,530,530,530,529,529,529,527,527,527,609,609,609,30,30,30,165,165,165,131,131,131,193,193,193,176,176,176,184,184,184,277,277,277,303,303,303,287,287,287,234,234,234,326,326,326,441,441,441,445,445,445,769,769,769,43,43,43,53,53,53,189,189,189,239,239,239,232,232,232,217,217,217,296,296,296,1,1,1,53,53,53,64,64,64,121,121,121,99,99,99,99,99,99,137,137,137,160,160,160,134,134,134,117,117,117,231,231,231,265,265,265,288,288,288,390,390,390,405,405,405,444,444,444,720,720,720,706,706,706,235,235,235)
obsnbluetot <- c(1,3,7,5,11,29,4,7,20,4,13,38,5,15,34,6,12,34,6,10,30,0,4,17,10,11,40,6,8,23,8,8,16,1,1,6,0,2,3,1,2,8,1,5,10,5,3,13,4,4,11,1,7,13,0,1,5,1,5,7,6,2,15,7,2,13,3,6,11,0,2,9,4,7,17,1,6,11,9,8,40,0,4,18,0,0,1,0,1,3,1,3,5,1,0,4,1,3,1,1,3,3,0,0,2,0,1,5,2,1,7,1,3,4,1,2,2,0,0,6,0,1,2,1,1,7,0,3,3,4,1,11,0,0,8,3,5,12,0,2,5,1,1,12,4,11,11,0,0,1,0,0,0,0,1,1,0,0,0,0,0,4,0,0,0,0,0,1,0,0,0,0,0,3,0,1,4,0,0,2,0,0,0,0,0,1,0,0,3,0,0,1,2,4,8,0,2,3,0,4,4,0,0,3,0,0,0,0,0,5,1,2,3,0,1,1,1,2,8,1,2,4,2,1,0)
obsnbluebkg <- c(163,163,163,272,272,272,571,571,571,712,712,712,873,873,873,945,945,945,1324,1324,1324,54,54,54,378,378,378,316,316,316,421,421,421,77,77,77,88,88,88,183,183,183,264,264,264,252,252,252,254,254,254,363,363,363,27,27,27,176,176,176,118,118,118,185,185,185,177,177,177,166,166,166,226,226,226,248,248,248,208,208,208,208,208,208,22,22,22,24,24,24,104,104,104,139,139,139,90,90,90,85,85,85,120,120,120,4,4,4,75,75,75,50,50,50,63,63,63,72,72,72,75,75,75,101,101,101,112,112,112,84,84,84,70,70,70,87,87,87,116,116,116,89,89,89,187,187,187,8,8,8,6,6,6,52,52,52,62,62,62,40,40,40,34,34,34,38,38,38,0,0,0,20,20,20,24,24,24,38,38,38,36,36,36,21,21,21,38,38,38,45,45,45,34,34,34,29,29,29,18,18,18,38,38,38,18,18,18,65,65,65,44,44,44,40,40,40,122,122,122,116,116,116,33,33,33)
C <- c(276.017,92.0055,23.0014,185.485,61.8283,15.4571,296.298,98.7660,24.6915,404.878,134.959,36.0338,281.748,93.9161,29.2125,242.908,120.180,30.0451,516.017,212.612,53.1529,44.0297,14.6765,3.66913,90.6531,48.0411,12.0103,137.577,45.8594,11.4648,70.7054,77.9398,19.4849,276.017,92.0055,23.0014,185.485,61.8283,15.4571,296.298,98.7660,24.6915,404.878,134.959,36.0338,281.748,93.9161,29.2125,242.908,120.180,30.0451,516.017,212.612,53.1529,44.0297,14.6765,3.66913,90.6531,48.0411,12.0103,137.577,45.8594,11.4648,70.7054,77.9398,19.4849,176.328,58.7756,19.8801,259.299,86.4329,25.0895,171.757,57.2527,14.3132,129.986,48.5294,12.1323,52.2395,23.3823,5.84558,141.932,47.3108,11.8277,276.017,92.0055,23.0014,185.485,61.8283,15.4571,296.298,98.7660,24.6915,404.878,134.959,36.0338,281.748,93.9161,29.2125,242.908,120.180,30.0451,516.017,212.612,53.1529,44.0297,14.6765,3.66913,90.6531,48.0411,12.0103,137.577,45.8594,11.4648,70.7054,77.9398,19.4849,176.328,58.7756,19.8801,259.299,86.4329,25.0895,171.757,57.2527,14.3132,129.986,48.5294,12.1323,52.2395,23.3823,5.84558,141.932,47.3108,11.8277,70.9977,23.6660,8.55402,236.587,78.8631,19.7158,208.229,69.4089,17.3522,186.713,62.2383,19.8348,276.017,92.0055,23.0014,185.485,61.8283,15.4571,296.298,98.7660,24.6915,404.878,134.959,36.0338,281.748,93.9161,29.2125,242.908,120.180,30.0451,516.017,212.612,53.1529,44.0297,14.6765,3.66913,90.6531,48.0411,12.0103,137.577,45.8594,11.4648,70.7054,77.9398,19.4849,176.328,58.7756,19.8801,259.299,86.4329,25.0895,171.757,57.2527,14.3132,129.986,48.5294,12.1323,52.2395,23.3823,5.84558,141.932,47.3108,11.8277,70.9977,23.6660,8.55402,236.587,78.8631,19.7158,208.229,69.4089,17.3522,527.262,175.749,43.9374,186.713,62.2383,19.8348,322.540,107.512,26.8780,377.437,143.789,35.9472,331.482,110.496,27.6239,194.680,64.8933,16.2233)
r200 <- c(0.25,0.75,1.50,0.25,0.75,1.50,0.25,0.75,1.50,0.25,0.75,1.50,0.25,0.75,1.50,0.25,0.75,1.50,0.25,0.75,1.50,0.25,0.75,1.50,0.25,0.75,1.50,0.25,0.75,1.50,0.25,0.75,1.50,0.25,0.75,1.50,0.25,0.75,1.50,0.25,0.75,1.50,0.25,0.75,1.50,0.25,0.75,1.50,0.25,0.75,1.50,0.25,0.75,1.50,0.25,0.75,1.50,0.25,0.75,1.50,0.25,0.75,1.50,0.25,0.75,1.50,0.25,0.75,1.50,0.25,0.75,1.50,0.25,0.75,1.50,0.25,0.75,1.50,0.25,0.75,1.50,0.25,0.75,1.50,0.25,0.75,1.50,0.25,0.75,1.50,0.25,0.75,1.50,0.25,0.75,1.50,0.25,0.75,1.50,0.25,0.75,1.50,0.25,0.75,1.50,0.25,0.75,1.50,0.25,0.75,1.50,0.25,0.75,1.50,0.25,0.75,1.50,0.25,0.75,1.50,0.25,0.75,1.50,0.25,0.75,1.50,0.25,0.75,1.50,0.25,0.75,1.50,0.25,0.75,1.50,0.25,0.75,1.50,0.25,0.75,1.50,0.25,0.75,1.50,0.25,0.75,1.50,0.25,0.75,1.50,0.25,0.75,1.50,0.25,0.75,1.50,0.25,0.75,1.50,0.25,0.75,1.50,0.25,0.75,1.50,0.25,0.75,1.50,0.25,0.75,1.50,0.25,0.75,1.50,0.25,0.75,1.50,0.25,0.75,1.50,0.25,0.75,1.50,0.25,0.75,1.50,0.25,0.75,1.50,0.25,0.75,1.50,0.25,0.75,1.50,0.25,0.75,1.50,0.25,0.75,1.50,0.25,0.75,1.50,0.25,0.75,1.50,0.25,0.75,1.50,0.25,0.75,1.50,0.25,0.75,1.50,0.25,0.75,1.50,0.25,0.75,1.50,0.25,0.75,1.50)
lgM <- c(10.14,10.14,10.14,10.14,10.14,10.14,10.14,10.14,10.14,10.14,10.14,10.14,10.14,10.14,10.14,10.14,10.14,10.14,10.14,10.14,10.14,10.14,10.14,10.14,10.14,10.14,10.14,10.14,10.14,10.14,10.14,10.14,10.14,10.54,10.54,10.54,10.54,10.54,10.54,10.54,10.54,10.54,10.54,10.54,10.54,10.54,10.54,10.54,10.54,10.54,10.54,10.54,10.54,10.54,10.54,10.54,10.54,10.54,10.54,10.54,10.54,10.54,10.54,10.54,10.54,10.54,10.54,10.54,10.54,10.54,10.54,10.54,10.54,10.54,10.54,10.54,10.54,10.54,10.54,10.54,10.54,10.54,10.54,10.54,10.94,10.94,10.94,10.94,10.94,10.94,10.94,10.94,10.94,10.94,10.94,10.94,10.94,10.94,10.94,10.94,10.94,10.94,10.94,10.94,10.94,10.94,10.94,10.94,10.94,10.94,10.94,10.94,10.94,10.94,10.94,10.94,10.94,10.94,10.94,10.94,10.94,10.94,10.94,10.94,10.94,10.94,10.94,10.94,10.94,10.94,10.94,10.94,10.94,10.94,10.94,10.94,10.94,10.94,10.94,10.94,10.94,10.94,10.94,10.94,10.94,10.94,10.94,11.47,11.47,11.47,11.47,11.47,11.47,11.47,11.47,11.47,11.47,11.47,11.47,11.47,11.47,11.47,11.47,11.47,11.47,11.47,11.47,11.47,11.47,11.47,11.47,11.47,11.47,11.47,11.47,11.47,11.47,11.47,11.47,11.47,11.47,11.47,11.47,11.47,11.47,11.47,11.47,11.47,11.47,11.47,11.47,11.47,11.47,11.47,11.47,11.47,11.47,11.47,11.47,11.47,11.47,11.47,11.47,11.47,11.47,11.47,11.47,11.47,11.47,11.47,11.47,11.47,11.47,11.47,11.47,11.47,11.47,11.47,11.47,11.47,11.47,11.47,11.47,11.47,11.47)
